10206
10230
17207
17263
19876
20060
25285
26780
27853
29437
29500
30745
31027
35158
36516
42456
45563
47929
49083
50764
52477
59681
63961
66327
69885
79320
80155
80550
84177
87749
89169
91422
93247
111912
115787
130559
133344
137498
140493
142208
146089
148790
157708
158516
161096
164480
166536
169837
184758
195472
196305
199382
200386
202575
213150
214186
223554
227649
232006
243538
243555
244733
248612
254552
261370
262609
262924
264874
276946
279491
285325
287181
305516
306026
311092
323150
327015
329184
333549
333656
337244
342804
366676
367838
371216
375057
379734
386828
402974
406355
406538
408066
411232
425294
428785
429475
440837
441486
441584
447903
453105
453600
455520
455703
458024
460275
461859
463682
468151
471110
474129
479324
479432
484956
485240
494207
495664
498804
499722
507967
518656
518659
520442
520623
524431
529887
530469
533650
536138
544206
544436
549740
554734
555812
556817
557793
565145
567450
568558
570372
578529
581558
587983
601353
604074
605061
608903
613844
615113
617757
620535
631072
638671
642011
642544
646356
652673
658251
663991
666268
669607
671960
672936
675049
676347
676803
676976
691860
696326
699119
703968
705880
712025
716312
721616
721746
722436
738420
746824
748133
761663
767537
773999
774299
781350
781877
788911
788926
790929
795471
798129
802582
804536
805412
805479
806912
810448
810467
814543
814807
820598
830900
831471
832072
833736
836839
851415
854348
854763
855362
856312
856639
856872
858746
865467
868311
879238
882578
890870
891129
894015
895175
904272
905110
906632
908673
909733
910942
911329
916837
921045
933360
935271
946881
954560
958922
965204
968520
969088
971557
973233
973380
973691
977434
982593
984431
985193
986085
990441
999253
